       lS     MSdm     omega
8.25816    24.6912  0.00113
5.07333    40.0706  0.000407
6.04596    52.1704  0.000216
8.09941    50.6812  0.000397
4.9001     57.0342  8.19e-05
5.1338     84.2589  0.000279
2.01857    52.061   0.000228
1.97783    28.9512  0.00173
9.98977    75.0083  2.72e-05
2.71878    48.1706  0.000284
0.854299   75.0969  0.00318
9.19157    20.6998  0.00146
1.17135    29.6244  0.00458
5.61893    86.1968  0.000319
3.24717    56.9742  5.63e-05
9.70062    22.9592  0.00151
7.18665    82.6832  5.98e-05
1.43684    51.3778  0.000493
1.99498    47.7793  0.000445
0.248515   32.7394  0.0759
0.652994   85.1814  0.0184
1.99008    86.6608  0.00247
2.36593    30.3845  0.00116
4.20625    22.5208  0.000792
6.17322    74.7781  6.68e-05
7.39828    28.0988  0.000886
0.729235   74.2258  0.00379
6.90618    40.1206  0.000552
9.44854    68.5057  7.41e-06
9.56113    23.0987  0.00147
1.60035    35.1186  0.00193
7.41011    28.7375  0.000874
5.57518    92.7676  0.000558
8.79099    94.7721  0.000268
8.84088    82.7477  4.11e-05
7.90474    99.3185  0.000444
8.5507     68.6177  9.32e-06
3.14965    25.7994  0.000946
8.06729    28.649   0.000989
8.93754    64.3404  1.03e-06
0.867989   57.8144  0.000129
5.41492    75.7024  9.8e-05
5.19707    60.6977  2.9e-05
9.17889    60.077   0.000112
0.553313   69.5383  0.00245
9.97396    21.1977  0.00165
7.41625    37.5474  0.000673
8.95422    81.2696  2.44e-05
0.686997   28.862   0.0131
2.92972    46.2117  0.00032
5.02849    59.6306  4.35e-05
5.60026    44.4843  0.000347
4.00556    24.4     0.00077
8.0197     26.6018  0.00103
5.87708    96.2888  0.000647
9.761      32.7593  0.00121
3.65076    68.6447  4.91e-05
9.03226    71.3247  1.68e-05
6.21001    93.7162  0.000486
6.72364    51.7738  0.000265
9.89021    34.0292  0.0012
9.64817    85.9174  0.000109
3.09383    20.2902  0.00117
4.40765    76.1072  0.000153
5.14341    62.2389  4.65e-06
6.36786    29.0057  0.000725
7.35603    98.3316  0.00048
0.208466   28.5616  0.128
6.30224    57.3446  0.000116
6.0002     20.0366  0.000872
3.8533     44.8252  0.000295
5.8411     78.661   8.56e-05
2.3982     26.7095  0.00131
1.64527    42.2316  0.00113
2.865      42.127   0.000466
7.74174    30.8622  0.000879
5.46382    87.7736  0.000388
2.59691    88.7661  0.00178
0.191028   68.784   0.0155
7.96435    76.9094  5.24e-05
5.10923    69.8366  3.57e-05
4.52344    60.6931  2.27e-05
8.72298    53.9891  0.000334
0.37391    57.1817  0.00042
2.91711    95.2863  0.00233
2.21638    85.8614  0.00187
5.96357    39.5616  0.000473
4.90363    41.5745  0.000371
3.29599    68.0987  5.04e-05
3.69908    58.1909  4.4e-05
5.20986    30.5748  0.000601
7.7003     30.1746  0.000888
1.9969     57.8124  4.97e-05
5.79321    67.0011  1.13e-05
2.85891    21.2917  0.00114
7.37034    95.2568  0.000389
1.62127    67.1458  0.000142
1.78392    38.8314  0.00125
7.81178    49.4105  0.000408
6.03461    51.941   0.000221
4.76033    42.6223  0.000345
7.4934     98.4126  0.000466
3.06985    74.6007  0.000251
2.54201    80.2005  0.000245
3.38046    98.5462  0.00218
5.77139    71.4292  4.1e-05
7.98248    84.0377  0.000105
7.24994    31.1578  0.000796
6.07707    51.9339  0.000223
9.9682     30.1034  0.00135
4.07324    74.845   0.000151
4.81875    66.2291  1.16e-05
4.43056    86.9959  0.000543
8.81144    61.7798  3.27e-05
2.70908    39.6147  0.000599
3.60049    44.9322  0.000301
2.18698    23.8782  0.00174
9.04715    32.773   0.00107
2.75164    34.415   0.00074
3.58208    78.0534  0.00024
7.32194    67.5984  8.99e-06
0.962247   64.0633  6.18e-05
5.58228    30.5659  0.000622
3.74791    28.8101  0.000698
3.98007    46.8044  0.00025
0.795541   74.708   0.00345
7.94121    53.6656  0.000292
4.4776     84.2617  0.000364
9.47599    61.065   7.25e-05
2.50089    79.128   0.000378
8.88832    44.7219  0.000671
5.25297    31.0759  0.000593
8.35936    34.0085  0.000905
3.53968    93.8457  0.00145
4.30693    81.5371  0.000109
7.06775    53.926   0.000232
5.57991    98.0518  0.000804
8.97107    74.0191  2.87e-05
6.04069    95.0557  0.000564
3.67911    94.0173  0.00136
2.21684    53.5316  0.000162
4.75706    21.2571  0.000787
2.27946    53.3372  0.000162
0.0802445  53.4941  0.0171
5.72774    71.7847  4.49e-05
8.93113    50.8244  0.000467
3.7998     35.9681  0.00051
3.57714    98.2584  0.00192
9.29842    90.6064  0.000176
6.06199    85.2095  0.000251
6.75337    82.6048  6.51e-05
6.7299     30.7725  0.000733
3.80608    70.0052  6.59e-05
6.29265    27.658   0.000743
4.53215    92.3637  0.000807
9.96771    68.2488  6.16e-06
2.54147    48.7931  0.000287
4.38587    41.466   0.000363
8.5871     36.6101  0.000872
8.50251    84.3103  0.000108
0.77088    31.9283  0.00916
3.31636    85.0066  0.000791
2.45898    50.0214  0.000255
6.75628    25.6681  0.000842
5.2037     39.575   0.000423
3.8815     77.2618  0.000211
5.09785    37.5405  0.000459
9.6062     84.8422  9.96e-05
6.9671     50.3317  0.000316
0.949825   70.5853  0.00112
9.98889    93.9649  0.000197
7.94812    72.1064  2.54e-05
1.92575    63.3569  6.27e-06
9.63073    65.6647  2.24e-06
9.44629    88.1009  0.000139
5.27464    94.4487  0.000702
2.90861    27.1066  0.000984
2.49773    88.2912  0.00184
1.68473    86.3613  0.00332
1.24973    23.0344  0.00522
0.805078   81.9731  0.0032
3.35991    45.3148  0.000305
5.58728    75.6944  9.21e-05
9.69531    81.7572  2.39e-05
7.9938     64.6335  1.64e-06
0.820366   41.144   0.00465
5.74243    92.5653  0.000519
0.497739   29.2876  0.0237
9.72193    66.5521  3.41e-06
3.33157    60.0568  1.95e-05
9.64983    68.2137  6.48e-06
5.95405    88.8843  0.000361
4.73143    21.9657  0.000771
1.87996    99.5095  0.00718
3.75679    47.2133  0.000243
4.27963    71.601   7.6e-05
6.44402    61.8549  1.62e-05
9.52651    62.4818  1.21e-06
5.97179    53.667   0.000181
0.914328   74.226   0.00245
0.685064   80.4191  0.00314
0.419098   45.1725  0.0117
5.07549    44.5436  0.000318
3.52482    28.3945  0.000752
7.50416    75.2269  4.89e-05
5.19903    35.2656  0.000509
7.1081     28.3918  0.000835
0.412719   81.3402  0.00979
6.29782    88.7552  0.000321
5.26892    83.9821  0.000229
9.06667    36.5514  0.000956
6.96988    70.7533  2.44e-05
9.38105    86.9507  0.000127
5.26572    77.885   0.000116
2.89593    67.6367  5.53e-05
3.08129    39.4049  0.000514
1.50584    27.6198  0.00308
7.2407     48.9937  0.00037
4.57439    95.1476  0.00097
3.6821     37.6096  0.00048
7.1051     20.7195  0.00101
1.25445    64.0112  3.49e-05
3.16905    39.5453  0.000493
8.97033    44.3736  0.000693
5.98558    32.5711  0.000615
1.53332    95.1791  0.008
2.9214     85.9814  0.00111
9.96405    83.8698  6.27e-05
8.75992    33.8285  0.000981
1.06557    75.7324  0.00225
7.11344    93.8223  0.000376
4.17838    72.4136  9.4e-05
1.43322    27.9155  0.00335
2.01818    65.0566  3.27e-05
2.20155    49.8706  0.000281
7.20149    31.7754  0.000775
0.458392   39.7601  0.0156
3.79846    54.8703  9.41e-05
6.07927    76.4723  8.52e-05
7.96347    48.8939  0.000437
1.91607    77.9312  0.0008
9.90485    44.6404  0.000815
3.41574    72.7137  0.000147
8.20423    70.0257  1.49e-05
6.84931    82.674   6.54e-05
6.07813    93.6817  0.000505
2.1704     24.1514  0.00175
2.56128    38.7409  0.000628
7.58263    55.8157  0.000207
1.73456    65.4082  5.48e-05
6.56598    24.1543  0.000849
6.90567    36.951   0.000622
9.61156    32.5689  0.00119
1.86605    39.5652  0.00109
3.41918    46.944   0.00026
5.08505    78.6251  0.000112
5.56805    59.0555  6.24e-05
7.44196    98.6864  0.00048
8.43581    22.0405  0.00123
1.35694    31.8436  0.00313
2.53397    93.1176  0.00262
5.32301    73.6633  7.41e-05
5.25194    40.907   0.000399
4.64762    84.4529  0.00038
2.13201    83.443   0.00101
9.11783    29.327   0.00118
4.2741     70.2304  5.57e-05
5.68661    58.3807  7.75e-05
4.07373    86.2685  0.000598
5.14616    52.0263  0.000178
8.4848     59.9621  0.000101
5.07575    53.0869  0.000155
1.70444    83.5264  0.00165
4.64517    81.1843  8.59e-05
4.47672    45.6452  0.000277
5.69261    22.2108  0.000796
1.26988    83.9141  0.00348
5.57581    30.0926  0.000631
8.58512    99.3925  0.000381
6.31811    62.4516  1.48e-06
5.27997    74.1708  8.21e-05
8.61371    99.8767  0.000389
8.42342    23.1223  0.0012
7.67465    33.9284  0.000796
5.27657    55.7959  0.000113
4.37424    33.6633  0.000531
9.67823    94.0108  0.00021
8.69499    28.1097  0.00112
4.49659    57.5839  6.47e-05
3.67674    54.4732  9.95e-05
1.08809    70.6345  0.00087
9.54356    68.7026  7.72e-06
9.31887    30.3762  0.00119
6.85108    50.7076  0.000299
6.61302    55.3829  0.000173
3.48156    93.3548  0.00145
8.64069    28.7224  0.0011
8.43432    66.4214  4.25e-06
5.38642    46.5007  0.000295
7.83314    77.3174  5.5e-05
9.26535    81.978   2.78e-05
1.75778    23.5793  0.00267
3.17895    73.6353  0.0002
4.30088    74.058   0.00012
9.33112    24.3945  0.00137
8.66053    33.0868  0.000983
2.08626    70.7446  0.000253
3.70442    71.5657  9.98e-05
3.15135    75.1994  0.000261
2.58026    41.0764  0.000534
3.35822    76.68    0.000271
7.80611    60.7399  6.08e-05
4.03711    35.126   0.000513
2.40688    21.7025  0.00157
2.95498    86.7959  0.00117
9.10208    23.07    0.00136
5.89509    84.118   0.000197
4.96638    77.4822  0.000132
2.25257    35.4713  0.000982
1.65595    99.097   0.00894
4.34837    92.0946  0.000857
7.03874    70.5426  2.28e-05
8.39753    83.4497  6.91e-05
1.16758    67.0127  0.000256
8.5379     69.1089  1.08e-05
4.93627    89.3651  0.00054
6.77946    32.0751  0.000712
1.94335    86.3901  0.00253
4.4282     97.1526  0.00118
2.89405    79.7203  0.000218
0.201096   97.8876  0.473
1.45028    36.0042  0.00221
4.79838    25.7013  0.000691
9.17942    48.4566  0.000577
2.42567    77.4128  0.00052
5.67637    73.499   6.36e-05
5.05327    78.0851  0.000124
9.27347    84.2362  8.75e-05
9.36079    49.9634  0.00054
3.65692    54.8911  9.22e-05
7.99423    77.6341  5.28e-05
2.72566    78.1898  0.000398
4.74412    29.4655  0.000613
1.84325    78.4281  0.000811
7.59245    61.1592  4.45e-05
7.79113    62.5581  1.34e-08
3.65255    63.4182  1.98e-06
5.20858    74.1384  8.38e-05
1.92459    29.1098  0.00181
4.92828    46.03    0.000283
6.59538    51.1284  0.000272
0.736088   88.9283  0.0204
9.51613    20.501   0.00155
6.24532    36.9887  0.000551
2.03975    56.4162  8.35e-05
5.42743    62.2896  4.2e-06
6.99489    42.9361  0.000496
2.68433    33.2495  0.000792
7.5071     87.085   0.000198
9.05037    37.4583  0.000926
8.78014    54.0363  0.000337
8.41276    65.0641  2.03e-06
3.63125    53.447   0.000117
3.20269    23.2283  0.00101
7.16792    73.3529  3.94e-05
6.87581    51.6227  0.000278
5.94937    35.9876  0.000544
8.89338    39.187   0.000847
0.420771   57.7714  0.000238
1.33357    88.5852  0.00632
8.89528    36.9062  0.000916
8.37883    82.2699  3.74e-05
4.11473    94.8785  0.00117
4.34116    44.1348  0.000306
7.64407    66.0291  4.26e-06
2.10592    51.9322  0.000217
6.74686    22.7617  0.000904
5.47119    67.3437  1.44e-05
6.28074    92.5122  0.000435
1.13755    95.7554  0.0148
2.25006    20.2199  0.00187
0.968271   53.4156  0.000683
0.292747   59.9021  2.85e-05
9.57988    27.5492  0.00134
9.58865    90.8073  0.000168
5.65111    43.5443  0.000369
5.95259    37.3673  0.000517
8.26637    33.4967  0.000902
4.66899    62.4292  1.3e-06
6.04116    22.0723  0.00083
1.606      47.6137  0.000687
1.01086    68.7285  0.000608
3.7841     53.6391  0.000115
7.27645    20.0287  0.00106
8.46059    29.128   0.00105
8.45888    58.8277  0.000143
5.21585    59.5967  4.69e-05
1.73448    44.1342  0.000861
2.9035     39.1806  0.000562
9.6997     89.0585  0.000143
7.20986    30.8845  0.000796
4.74962    26.2249  0.00068
1.1514     37.7486  0.00309
9.92608    86.4802  0.000109
2.26093    71.1937  0.00024
0.862062   64.9869  0.000164
5.09516    95.2889  0.000796
4.01758    95.5878  0.00129
7.96946    69.5851  1.41e-05
4.0391     21.5924  0.000836
5.75828    38.7071  0.000474
9.31517    47.7394  0.000619
8.79162    64.7169  1.45e-06
8.32482    22.9843  0.00118
9.36874    27.8522  0.00128
3.34875    51.932   0.000148
2.48648    81.392   0.000305
7.05007    88.6561  0.000256
2.29902    49.6961  0.000273
8.20157    97.2825  0.000363
2.85376    57.877   4.18e-05
1.91219    34.6833  0.0014
4.87136    45.7288  0.000287
2.77339    57.3538  4.97e-05
0.204122   60.5389  1.36e-05
8.41066    33.6477  0.000923
4.57155    89.5687  0.000637
1.13391    98.5322  0.0179
2.11394    88.8256  0.00266
9.34699    85.1148  0.000108
2.51303    36.593   0.000746
2.33637    25.3245  0.00146
2.72372    27.2663  0.00101
1.11744    87.3307  0.00798
2.39976    75.4296  0.000455
0.828272   20.745   0.0124
4.12072    53.6684  0.000119
8.09942    91.7835  0.000252
6.19353    95.2127  0.000543
2.48257    83.0006  0.000558
4.47322    72.1664  7.84e-05
3.633      59.9877  2.26e-05
7.92697    87.5309  0.000185
7.43553    51.5877  0.000318
6.87554    61.1801  3.63e-05
9.6075     84.7341  9.86e-05
7.16864    65.0289  2.71e-06
6.80404    68.4129  1.36e-05
4.10674    41.4246  0.000366
7.24052    98.3831  0.000497
8.02094    73.5997  3.31e-05
8.98643    36.9994  0.000929
8.64542    49.9355  0.000469
6.41493    76.4708  7.68e-05
6.01662    54.6964  0.000162
5.40415    75.6058  9.72e-05
6.35358    58.9693  8.09e-05
9.12969    62.6011  1.79e-08
3.39708    92.432   0.00142
2.8998     29.6709  0.000913
9.14659    53.7133  0.000376
1.3079     92.6472  0.00905
3.07231    81.0267  0.000186
1.02017    38.4691  0.00372
1.70585    75.84    0.000922
6.75418    66.4913  6.75e-06
2.60082    21.7578  0.00135
8.74048    50.5088  0.00046
0.385126   29.0039  0.0391
5.95671    26.7504  0.000727
9.53256    21.9865  0.0015
0.617146   78.5493  0.00636
7.48689    48.129   0.000414
3.55156    95.6948  0.00164
4.11465    42.1239  0.00035
5.68417    69.5119  2.66e-05
0.0842221  96.6956  2.3
8.76764    88.717   0.000169
2.33121    47.6396  0.000343
7.04378    46.9086  0.000406
4.46905    96.5181  0.00112
7.63179    20.3656  0.00111
8.2934     38.0437  0.000785
9.37814    76.7834  3.79e-05
3.19553    90.8886  0.00141
2.6021     30.128   0.000974
3.0831     47.4619  0.000268
1.54284    45.4989  0.000941
7.70982    25.0439  0.00101
1.56735    39.9881  0.00147
4.95092    58.162   6.5e-05
9.38845    56.1276  0.000293
7.42132    83.2246  7.54e-05
6.06369    27.6381  0.00072
4.35368    86.5709  0.000541
3.72295    36.0309  0.000516
3.98139    54.7678  9.83e-05
2.92329    89.8889  0.00155
5.32249    83.9991  0.000226
8.86675    68.9829  9.68e-06
1.97521    67.4633  0.000109
8.22694    48.7482  0.000466
5.21434    29.5167  0.000622
6.57169    58.1137  0.000106
4.88616    36.123   0.00048
1.91731    72.4541  0.000428
0.592141   84.1949  0.0176
1.28463    99.5337  0.015
4.84276    23.9201  0.000728
6.46454    29.5105  0.000726
4.05076    77.7368  0.000194
9.41687    38.4881  0.000957
3.70247    50.2981  0.000178
0.727445   32.6104  0.0099
7.50902    74.6351  4.47e-05
4.99557    33.933   0.000527
2.73049    93.3606  0.00231
5.76117    74.5646  7.39e-05
4.09183    82.0224  0.000138
1.90062    23.2002  0.00233
2.77031    20.6986  0.00124
7.40085    30.995   0.000822
4.26182    52.6424  0.00014
1.52243    40.7159  0.00147
7.06327    95.9282  0.000443
5.59456    97.4904  0.000771
4.96728    99.7807  0.00112
7.28901    90.6795  0.000283
6.1699     83.2746  0.000112
6.76405    29.51    0.000763
8.30549    92.5832  0.000255
0.722676   40.6705  0.00614
4.26775    27.3151  0.000675
7.57092    47.7986  0.000431
5.90372    60.6873  3.69e-05
7.33       96.9889  0.000443
7.06684    27.5487  0.000847
8.41418    83.5763  7.58e-05
4.31359    83.1627  0.000209
5.08356    27.8299  0.000651
8.84408    40.5728  0.000796
8.88893    47.5756  0.000575
9.21932    89.6058  0.000165
2.20021    81.2876  0.000377
2.97617    40.0763  0.000514
8.56558    44.2449  0.000644
1.48485    74.192   0.000957
0.38947    24.2934  0.0459
8.16816    86.5038  0.000159
6.7282     60.4001  5.43e-05
8.9574     33.0241  0.00104
3.53419    84.8709  0.000691
0.19866    34.1896  0.108
7.15188    56.9484  0.000156
2.76735    98.6617  0.00323
4.32133    52.4437  0.000144
5.45667    56.7317  0.000102
0.398791   54.0535  0.00258
2.74875    24.3888  0.0011
6.97044    59.5936  7.95e-05
5.96674    80.0658  4.73e-05
5.88295    58.3112  8.35e-05
1.77516    79.9719  0.000502
9.42252    56.3605  0.000285
7.9609     36.8397  0.000767
9.84818    54.8209  0.000381
7.57957    53.4431  0.000276
9.50913    71.8027  1.69e-05
5.43483    83.5584  0.000175
2.93574    54.4914  0.000101
2.41583    23.3377  0.00147
4.34658    32.5868  0.000555
3.13571    94.1789  0.00188
3.43351    89.8838  0.00114
2.87199    59.442   2.26e-05
6.07258    64.4535  2.43e-06
5.59594    32.0703  0.000594
3.47458    66.0692  2.02e-05
9.55561    95.3904  0.000238
2.47482    81.6453  0.000328
4.52821    46.4637  0.000262
6.41568    71.2874  3.24e-05
2.44724    33.9526  0.000911
2.44758    35.0572  0.000857
7.28015    32.1294  0.000778
9.30664    31.5862  0.00115
4.31621    74.7653  0.000133
2.89572    98.8813  0.00301
4.22172    52.8946  0.000134
4.69837    47.1487  0.000253
6.80512    89.6036  0.000296
0.641784   45.9246  0.0048
3.77397    97.75    0.00168
9.23104    75.0132  3.18e-05
1.04724    97.9141  0.02
2.93509    76.0312  0.000332
9.00376    98.3883  0.000326
1.32179    45.8421  0.00122
1.90457    63.4733  7.76e-06
0.770213   74.4735  0.00354
5.66356    33.832   0.000564
9.07638    70.4403  1.36e-05
4.62561    81.8025  0.000102
9.38908    77.5578  3.89e-05
7.44467    53.6482  0.000261
0.288968   36.9967  0.0451
3.19081    55.9823  7.17e-05
4.96918    27.073   0.000664
6.08499    97.1108  0.00064
2.48976    31.2901  0.00101
9.57701    88.4304  0.000139
4.38517    92.6568  0.000879
8.20774    49.1408  0.000452
7.02321    51.6337  0.000288
6.53564    53.8189  0.000206
4.78138    68.9021  3.14e-05
1.39786    60.7449  7.58e-06
9.04899    36.7552  0.000947
1.5553     35.7514  0.00196
0.168774   76.5006  0.0816
8.85803    86.8203  0.00014
3.43833    77.2225  0.000266
7.33103    27.6514  0.000886
5.55283    56.2729  0.000113
0.164627   71.6939  0.042
6.89961    77.9725  6.89e-05
9.52816    71.0115  1.41e-05
3.50419    51.6876  0.000151
0.567878   84.1212  0.0183
6.71087    73.7791  4.83e-05
2.49529    28.3419  0.00114
9.49801    73.73    2.44e-05
8.00146    60.9891  5.51e-05
1.72491    45.5017  0.00076
3.6056     24.4946  0.000842
9.33863    59.8592  0.000126
2.10713    74.4569  0.000508
7.58361    88.632   0.000222
7.22237    62.011   1.55e-05
3.01397    62.18    2.31e-06
2.65328    52.9544  0.000147
5.23971    99.1308  0.000972
1.01264    77.708   0.00273
8.35596    22.6214  0.0012
8.6445     35.392   0.000916
9.2489     89.9591  0.000169
2.0792     69.5182  0.000188
7.62945    42.2151  0.000585
2.11902    80.2273  0.000349
7.19066    80.2524  3.25e-05
6.57268    47.4878  0.000353
2.63907    59.9039  1.69e-05
7.85267    70.4814  1.82e-05
3.11561    34.0403  0.000683
0.789826   59.3615  3.9e-05
1.53004    51.5558  0.000422
5.46329    76.2336  0.000102
6.85478    44.2622  0.000451
2.64219    33.0132  0.000826
8.44522    71.3721  1.94e-05
0.280043   25.3011  0.0828
0.281229   59.6701  3.78e-05
7.86088    93.5175  0.000304
3.59171    84.8728  0.000669
2.8051     45.416   0.000363
5.4685     66.5502  1.05e-05
1.52145    23.807   0.00349
9.73991    31.3604  0.00125
1.16413    55.5558  0.000258
9.5433     49.7824  0.000566
8.72181    26.5169  0.00117
9.12289    46.6883  0.000633
7.76401    65.0535  2.36e-06
5.93998    73.9117  6.26e-05
7.32355    63.9295  1.01e-06
7.7086     80.5534  2.88e-05
8.35047    47.3058  0.000524
1.4897     33.5796  0.0024
5.77408    89.7078  0.000411
3.11512    96.6568  0.00226
2.94676    81.285   0.000213
4.82005    87.8451  0.000498
7.61936    39.7206  0.000646
0.262506   99.0218  0.305
5.69117    67.4171  1.37e-05
6.591      90.3346  0.000335
5.75928    93.099   0.000537
7.92106    86.4092  0.000168
2.544      50.513   0.000228
6.80434    69.1774  1.71e-05
3.65643    44.2582  0.000315
5.3804     63.839   1.67e-06
2.79743    24.0691  0.00108
3.28594    25.4507  0.000906
6.02893    93.9681  0.000524
8.93501    78.4615  3.95e-05
7.30493    31.5422  0.000795
2.34503    58.4268  3.45e-05
2.61653    85.4742  0.00131
0.303642   66.846   0.00326
5.01263    24.4577  0.000717
9.30075    43.1285  0.000782
2.08218    93.7233  0.004
3.80504    29.5973  0.00067
1.34995    66.7941  0.000176
6.7739     64.6463  2.29e-06
8.78473    64.5081  1.23e-06
7.76664    84.7469  0.000149
1.23863    29.4018  0.00416
9.56607    23.23    0.00147
5.90623    20.8149  0.000845
9.8358     85.3797  0.0001
0.0897264  46.6892  0.181
5.5443     94.439   0.000637
7.4132     25.0921  0.000957
7.8915     79.647   3.28e-05
2.4762     90.1776  0.00219
7.46689    53.6598  0.000262
8.76656    42.9816  0.00071
5.74742    70.296   3.19e-05
2.16544    27.009   0.00158
2.94559    69.0718  8.44e-05
9.35103    39.6934  0.000906
8.26601    34.7331  0.00087
0.838034   82.9723  0.00458
4.97493    88.2834  0.000486
7.59713    37.7613  0.000692
4.40852    69.9772  4.92e-05
1.54602    57.4315  7.45e-05
8.40153    80.0796  2.43e-05
3.03712    99.9654  0.00293
2.45474    53.8242  0.000134
9.48333    23.7191  0.00143
9.03635    73.216   2.45e-05
6.46467    99.2929  0.000654
4.57288    22.2081  0.000771
7.89224    96.6735  0.000376
5.74912    95.8731  0.000656
0.47359    59.2212  5.58e-05
6.17078    54.1786  0.00018
0.723997   83.5683  0.00884
7.69712    67.1855  6.99e-06
9.11845    42.9822  0.00076
9.71313    85.4105  0.000103
0.496553   93.6313  0.0626
9.26011    66.1292  3.08e-06
2.17039    60.5962  9.61e-06
8.57879    31.1531  0.00102
3.31838    29.7093  0.000764
8.54035    82.3963  3.78e-05
4.79293    74.4024  0.000103
8.6031     71.3347  1.85e-05
6.04497    60.5099  4.22e-05
8.19136    64.0995  9.73e-07
5.79344    73.3496  5.95e-05
8.00367    69.1909  1.25e-05
6.02441    92.5181  0.000471
8.8523     74.8428  3.36e-05
1.30624    76.2171  0.0016
4.58402    70.2839  4.93e-05
7.62535    30.269   0.000874
8.04418    37.8441  0.000753
3.40386    59.7436  2.32e-05
2.61107    42.8762  0.000494
2.13797    25.1177  0.00174
2.52364    63.211   2.79e-06
7.92675    31.4321  0.000896
6.19132    58.3386  9.08e-05
9.69897    99.0256  0.000294
1.95245    64.1203  1.64e-05
1.55122    32.6628  0.00233
9.47846    45.7823  0.000712
2.07698    97.8711  0.00534
4.00667    69.2293  4.86e-05
0.121036   37.6181  0.226
0.259365   75.6227  0.0334
8.13824    59.3348  0.000115
0.902276   69.6625  0.000983
3.22944    54.5908  9.62e-05
5.86232    37.5314  0.000506
9.72576    44.4222  0.000797
9.67982    80.0479  1.85e-05
9.90968    57.359   0.000265
9.62525    33.0851  0.00117
6.1831     88.8489  0.000335
3.58854    75.0127  0.000197
5.83567    35.4971  0.000545
6.23969    25.1143  0.000789
0.667039   84.9538  0.0173
3.30475    83.2132  0.000362
3.5748     93.1275  0.00135
5.05047    92.2346  0.000649
0.798371   94.3741  0.0265
4.16072    26.7052  0.000698
1.40355    63.0855  6.68e-06
6.39031    67.1377  9.86e-06
8.33864    70.5709  1.65e-05
2.29131    33.6916  0.00105
6.49954    96.5511  0.000542
0.783688   49.7169  0.00203
0.296019   22.2892  0.0828
5.9376     49.1485  0.000273
3.74682    41.4366  0.000379
6.75821    75.4138  6.15e-05
6.76167    36.2264  0.000621
5.16703    94.8804  0.000753
6.61375    49.7561  0.000304
2.42484    58.5018  3.31e-05
2.49789    84.5496  0.0013
2.58075    57.572   4.69e-05
2.47073    59.0218  2.61e-05
9.78127    99.4595  0.000297
0.705125   96.1987  0.0382
5.2863     93.899   0.000672
1.20084    57.8631  8.38e-05
3.08683    25.2529  0.000991
6.08975    86.0208  0.000269
0.355254   25.1035  0.0531
5.11857    20.805   0.000797
7.74201    25.3999  0.00101
3.85149    67.7163  3.27e-05
5.04774    75.1784  0.000105
3.87943    51.6129  0.000153
0.629712   93.8126  0.0402
9.76206    73.3291  2.16e-05
7.24785    73.1512  3.72e-05
5.25929    76.5894  0.000114
3.25833    20.7153  0.00107
0.0685109  69.6232  0.141
3.2623     22.5161  0.00101
8.98902    73.9462  2.82e-05
0.0397635  25.5623  3.25
4.53687    48.7721  0.000217
3.51219    48.9331  0.00021
2.73181    72.0076  0.000197
0.595422   38.12    0.0106
5.48921    41.6284  0.000398
9.26324    97.9697  0.000301
7.38885    85.3771  0.000174
1.64312    99.3087  0.00919
1.07285    83.8282  0.00463
2.59752    81.8174  0.000314
0.836748   66.4606  0.000387
8.67776    93.4519  0.00025
4.64367    31.4775  0.000572
1.45829    63.3544  1.08e-05
8.76018    61.1968  5.69e-05
8.80393    23.4571  0.00128
8.73465    58.6073  0.000161
5.67825    69.3558  2.56e-05
4.0208     89.0955  0.000785
4.13182    48.3266  0.000219
7.8548     71.6757  2.38e-05
3.51105    43.2651  0.000348
5.60249    24.1968  0.000749
2.0608     34.4913  0.00123
3.34308    82.4339  0.000238
7.70461    27.9532  0.000941
0.388699   68.8231  0.00398
1.95932    97.0959  0.00568
5.96217    81.3669  5.53e-05
7.7084     44.2742  0.00054
4.35548    75.3847  0.000143
3.02496    46.4449  0.000302
1.47728    49.2308  0.000651
8.63045    96.3426  0.000309
9.50546    38.6771  0.000966
6.36994    84.6572  0.000216
2.87168    83.6328  0.000634
3.38586    92.6366  0.00145
2.84968    37.6898  0.000632
6.60087    45.5944  0.000398
3.01833    35.446   0.000662
8.65734    70.2767  1.43e-05
1.80451    30.8111  0.0019
3.60289    68.3765  4.64e-05
4.4921     34.7724  0.000505
6.72689    52.7054  0.000242
3.35764    53.9792  0.000107
1.77637    90.5374  0.00427
4.08818    81.5982  0.000122
3.17182    69.8948  9.13e-05
4.40903    54.9375  0.000104
6.02578    56.5576  0.000123
4.08457    83.43    0.000278
5.82399    75.7497  8.56e-05
8.41086    51.4463  0.000399
1.13125    61.476   3e-06
1.46846    88.4836  0.00521
5.9403     82.1033  6.87e-05
3.29484    20.8388  0.00105
6.58379    40.7628  0.000504
1.31366    83.4514  0.00262
0.585279   38.8138  0.0105
3.62326    92.6506  0.00127
4.68311    32.9708  0.000541
2.04726    35.477   0.00118
0.321397   75.2478  0.0212
8.4583     92.4857  0.000244
6.25977    89.7802  0.000353
1.08196    45.2751  0.0019
3.24235    33.7087  0.00066
9.53687    79.7464  2.14e-05
5.65651    51.1172  0.000218
3.53913    69.7337  7.08e-05
8.33798    27.7555  0.00106
8.80005    39.3157  0.000828
0.314601   21.846   0.0749
2.11126    45.2526  0.00053
4.75201    77.2292  0.000143
2.15869    94.8025  0.00403
7.51005    47.5521  0.000432
6.63197    62.9297  2.03e-07
8.22363    88.1699  0.000182
3.90188    75.9161  0.000189
7.35158    37.9946  0.000654
5.39844    66.9073  1.25e-05
2.70497    74.9148  0.000336
8.16717    42.0265  0.000657
2.55555    78.6191  0.000419
3.66439    96.3824  0.00162
1.87775    44.1106  0.000741
5.4338     95.9123  0.000734
9.26443    30.9349  0.00116
2.54846    73.5445  0.000302
6.67122    89.0805  0.000295
0.508233   25.6122  0.0264
1.52771    80.063   0.000663
4.25423    79.6657  0.000107
9.98401    91.7925  0.000168
0.869825   34.2013  0.00649
1.5838     58.6581  3.84e-05
6.87538    44.2194  0.000454
6.8887     53.9658  0.000221
8.04459    70.2728  1.65e-05
5.7674     29.0331  0.000666
1.30074    37.3755  0.00251
6.37979    52.8482  0.00022
8.32559    40.7161  0.000716
4.97676    84.1391  0.000277
5.20299    67.6025  1.75e-05
3.06887    57.6068  4.63e-05
4.0392     52.191   0.000144
1.48062    24.3246  0.00361
3.37971    66.4736  2.58e-05
7.54729    97.7224  0.000439
8.58289    72.8983  2.56e-05
7.46604    49.2975  0.000381
7.64577    28.9737  0.000907
9.6225     90.1424  0.000158
1.16093    75.8525  0.00194
6.2904     20.0006  0.000905
8.17269    98.7973  0.000404
6.594      72.5154  3.96e-05
0.751219   83.0343  0.00588
6.56027    88.7448  0.000296
1.2914     34.5376  0.003
6.178      94.3188  0.000512
4.37367    20.6405  0.000821
1.02126    22.2832  0.00788
3.90061    67.0582  2.5e-05
0.418054   27.9536  0.035
3.99453    99.7862  0.00171
6.30623    62.2558  6.28e-06
9.22444    90.2343  0.000173
8.72354    35.5554  0.000925
7.25327    32.1867  0.000773
9.86802    31.6769  0.00127
3.88695    66.7312  2.2e-05
4.96994    60.2484  3.33e-05
1.63569    68.9385  0.000254
8.71552    63.3092  2.97e-07
5.84674    74.1577  6.72e-05
5.53059    40.2889  0.000427
7.49545    63.7348  7.65e-07
3.24253    76.3685  0.000283
3.76648    41.4578  0.000377
8.45117    61.8435  2.76e-05
3.41986    35.8822  0.00056
1.2078     55.7327  0.000227
5.64146    65.8965  7.21e-06
0.685661   74.2828  0.00431
5.43943    49.7079  0.000234
2.96481    44.7154  0.000362
9.85014    20.5619  0.00164
0.255393   47.2592  0.0238
4.81851    53.3338  0.000142
7.40261    81.5162  3.77e-05
8.29338    85.3111  0.000139
6.68782    23.002   0.00089
0.22098    74.0478  0.0366
8.19183    75.4939  4.28e-05
0.698844   23.5207  0.0155
4.12077    44.7131  0.000294
3.69314    98.7567  0.00187
5.84824    42.8369  0.000397
6.08906    53.8045  0.000184
1.59107    56.7769  9.54e-05
2.22691    61.9142  2.49e-06
6.31007    52.4944  0.000224